{
	"0": {
		"frame_number": 0,
		"frame_timestamp": -1.0,
		"image": {
			"path": "teddybear/38_1655_5016/images/frame000001.jpg",
			"size": [
				479,
				359
			]
		},
		"depth": {
			"path": "teddybear/38_1655_5016/depths/frame000001.jpg.geometric.png",
			"scale_adjustment": 1.262808918952942,
			"mask_path": "teddybear/38_1655_5016/depth_masks/frame000001.png"
		},
		"mask": {
			"path": "teddybear/38_1655_5016/masks/frame000001.png",
			"mass": 35984.0
		},
		"viewpoint": {
			"R": [
				[
					-0.9965706467628479,
					0.004121924750506878,
					0.08264364302158356
				],
				[
					-0.006493818014860153,
					-0.9995740652084351,
					-0.028452031314373016
				],
				[
					0.08249115943908691,
					-0.028891131281852722,
					0.9961729049682617
				]
			],
			"T": [
				0.20043912529945374,
				1.2990046739578247,
				6.429634094238281
			],
			"focal_length": [
				2.1856130105871343,
				1.6380690413377479
			],
			"principal_point": [
				0.0,
				0.0
			]
		}
	},
	"1": {
		"frame_number": 1,
		"frame_timestamp": -1.0,
		"image": {
			"path": "teddybear/38_1655_5016/images/frame000002.jpg",
			"size": [
				479,
				359
			]
		},
		"depth": {
			"path": "teddybear/38_1655_5016/depths/frame000002.jpg.geometric.png",
			"scale_adjustment": 1.262808918952942,
			"mask_path": "teddybear/38_1655_5016/depth_masks/frame000002.png"
		},
		"mask": {
			"path": "teddybear/38_1655_5016/masks/frame000002.png",
			"mass": 35953.0
		},
		"viewpoint": {
			"R": [
				[
					-0.9965542554855347,
					0.003408895805478096,
					0.08287303149700165
				],
				[
					-0.00563208619132638,
					-0.9996300935745239,
					-0.026607509702444077
				],
				[
					0.08275166898965836,
					-0.02698257565498352,
					0.9962048530578613
				]
			],
			"T": [
				0.1987217664718628,
				1.3060814142227173,
				6.411947727203369
			],
			"focal_length": [
				2.180736828647284,
				1.6344144498629958
			],
			"principal_point": [
				0.0,
				0.0
			]
		}
	},
	"2": {
		"frame_number": 2,
		"frame_timestamp": -1.0,
		"image": {
			"path": "teddybear/38_1655_5016/images/frame000003.jpg",
			"size": [
				480,
				359
			]
		},
		"depth": {
			"path": "teddybear/38_1655_5016/depths/frame000003.jpg.geometric.png",
			"scale_adjustment": 1.262808918952942,
			"mask_path": "teddybear/38_1655_5016/depth_masks/frame000003.png"
		},
		"mask": {
			"path": "teddybear/38_1655_5016/masks/frame000003.png",
			"mass": 36153.0
		},
		"viewpoint": {
			"R": [
				[
					-0.9969151616096497,
					0.0006835454842075706,
					0.0784834623336792
				],
				[
					-0.0025923550128936768,
					-0.9997032284736633,
					-0.024221861734986305
				],
				[
					0.07844361662864685,
					-0.024350598454475403,
					0.9966211318969727
				]
			],
			"T": [
				0.16431066393852234,
				1.3009768724441528,
				6.36454963684082
			],
			"focal_length": [
				2.171761770434366,
				1.6242968241373699
			],
			"principal_point": [
				0.0,
				0.0
			]
		}
	},
	"3": {
		"frame_number": 3,
		"frame_timestamp": -1.0,
		"image": {
			"path": "teddybear/38_1655_5016/images/frame000004.jpg",
			"size": [
				480,
				359
			]
		},
		"depth": {
			"path": "teddybear/38_1655_5016/depths/frame000004.jpg.geometric.png",
			"scale_adjustment": 1.262808918952942,
			"mask_path": "teddybear/38_1655_5016/depth_masks/frame000004.png"
		},
		"mask": {
			"path": "teddybear/38_1655_5016/masks/frame000004.png",
			"mass": 36259.0
		},
		"viewpoint": {
			"R": [
				[
					-0.9979119300842285,
					-0.00787549838423729,
					0.06410739570856094
				],
				[
					0.006067625246942043,
					-0.9995797276496887,
					-0.028346704319119453
				],
				[
					0.0643036961555481,
					-0.027898535132408142,
					0.9975403547286987
				]
			],
			"T": [
				0.09981231391429901,
				1.2673145532608032,
				6.3521294593811035
			],
			"focal_length": [
				2.172732892474756,
				1.6250231424967447
			],
			"principal_point": [
				0.0,
				0.0
			]
		}
	},
	"4": {
		"frame_number": 4,
		"frame_timestamp": -1.0,
		"image": {
			"path": "teddybear/38_1655_5016/images/frame000005.jpg",
			"size": [
				480,
				359
			]
		},
		"depth": {
			"path": "teddybear/38_1655_5016/depths/frame000005.jpg.geometric.png",
			"scale_adjustment": 1.262808918952942,
			"mask_path": "teddybear/38_1655_5016/depth_masks/frame000005.png"
		},
		"mask": {
			"path": "teddybear/38_1655_5016/masks/frame000005.png",
			"mass": 37343.0
		},
		"viewpoint": {
			"R": [
				[
					-0.9991514682769775,
					-0.012577640824019909,
					0.03921985626220703
				],
				[
					0.011595145799219608,
					-0.9996157288551331,
					-0.025178592652082443
				],
				[
					0.0395214706659317,
					-0.024702467024326324,
					0.9989133477210999
				]
			],
			"T": [
				0.12955942749977112,
				1.3107080459594727,
				6.32341194152832
			],
			"focal_length": [
				2.184383296700905,
				1.6337366739908854
			],
			"principal_point": [
				0.0,
				0.0
			]
		}
	},
	"5": {
		"frame_number": 5,
		"frame_timestamp": -1.0,
		"image": {
			"path": "teddybear/38_1655_5016/images/frame000006.jpg",
			"size": [
				480,
				359
			]
		},
		"depth": {
			"path": "teddybear/38_1655_5016/depths/frame000006.jpg.geometric.png",
			"scale_adjustment": 1.262808918952942,
			"mask_path": "teddybear/38_1655_5016/depth_masks/frame000006.png"
		},
		"mask": {
			"path": "teddybear/38_1655_5016/masks/frame000006.png",
			"mass": 37974.0
		},
		"viewpoint": {
			"R": [
				[
					-0.9995651245117188,
					-0.02432749979197979,
					0.016666116192936897
				],
				[
					0.023932117968797684,
					-0.9994367361068726,
					-0.023525943979620934
				],
				[
					0.017229055985808372,
					-0.023116856813430786,
					0.9995843172073364
				]
			],
			"T": [
				0.2544388175010681,
				1.3074473142623901,
				6.292904376983643
			],
			"focal_length": [
				2.1916578712569637,
				1.6391774495442708
			],
			"principal_point": [
				0.0,
				0.0
			]
		}
	},
	"6": {
		"frame_number": 6,
		"frame_timestamp": -1.0,
		"image": {
			"path": "teddybear/38_1655_5016/images/frame000007.jpg",
			"size": [
				480,
				359
			]
		},
		"depth": {
			"path": "teddybear/38_1655_5016/depths/frame000007.jpg.geometric.png",
			"scale_adjustment": 1.262808918952942,
			"mask_path": "teddybear/38_1655_5016/depth_masks/frame000007.png"
		},
		"mask": {
			"path": "teddybear/38_1655_5016/masks/frame000007.png",
			"mass": 38074.0
		},
		"viewpoint": {
			"R": [
				[
					-0.9959138631820679,
					-0.08303738385438919,
					-0.03550243377685547
				],
				[
					0.08376988768577576,
					-0.9962910413742065,
					-0.01966593973338604
				],
				[
					-0.033737748861312866,
					-0.022559616714715958,
					0.9991760849952698
				]
			],
			"T": [
				0.2900815010070801,
				1.25400710105896,
				6.266641616821289
			],
			"focal_length": [
				2.186168277496083,
				1.6350716908772787
			],
			"principal_point": [
				0.0,
				0.0
			]
		}
	},
	"7": {
		"frame_number": 7,
		"frame_timestamp": -1.0,
		"image": {
			"path": "teddybear/38_1655_5016/images/frame000008.jpg",
			"size": [
				481,
				360
			]
		},
		"depth": {
			"path": "teddybear/38_1655_5016/depths/frame000008.jpg.geometric.png",
			"scale_adjustment": 1.262808918952942,
			"mask_path": "teddybear/38_1655_5016/depth_masks/frame000008.png"
		},
		"mask": {
			"path": "teddybear/38_1655_5016/masks/frame000008.png",
			"mass": 36882.0
		},
		"viewpoint": {
			"R": [
				[
					-0.9853821396827698,
					-0.14834769070148468,
					-0.08375532180070877
				],
				[
					0.15084977447986603,
					-0.9882568717002869,
					-0.024345504119992256
				],
				[
					-0.0791601687669754,
					-0.03662409633398056,
					0.9961889386177063
				]
			],
			"T": [
				0.285582959651947,
				1.1561652421951294,
				6.31171178817749
			],
			"focal_length": [
				2.170637681749132,
				1.6245936911220114
			],
			"principal_point": [
				0.0,
				0.0
			]
		}
	},
	"8": {
		"frame_number": 8,
		"frame_timestamp": -1.0,
		"image": {
			"path": "teddybear/38_1655_5016/images/frame000009.jpg",
			"size": [
				479,
				359
			]
		},
		"depth": {
			"path": "teddybear/38_1655_5016/depths/frame000009.jpg.geometric.png",
			"scale_adjustment": 1.262808918952942,
			"mask_path": "teddybear/38_1655_5016/depth_masks/frame000009.png"
		},
		"mask": {
			"path": "teddybear/38_1655_5016/masks/frame000009.png",
			"mass": 34344.0
		},
		"viewpoint": {
			"R": [
				[
					-0.959446132183075,
					-0.2445395141839981,
					-0.1402267962694168
				],
				[
					0.24781964719295502,
					-0.9687866568565369,
					-0.006154205650091171
				],
				[
					-0.1343448907136917,
					-0.04065558314323425,
					0.9901002645492554
				]
			],
			"T": [
				0.2114306092262268,
				1.2373425960540771,
				6.303749084472656
			],
			"focal_length": [
				2.1751996308648156,
				1.63026444150411
			],
			"principal_point": [
				0.0,
				0.0
			]
		}
	},
	"9": {
		"frame_number": 9,
		"frame_timestamp": -1.0,
		"image": {
			"path": "teddybear/38_1655_5016/images/frame000010.jpg",
			"size": [
				480,
				359
			]
		},
		"depth": {
			"path": "teddybear/38_1655_5016/depths/frame000010.jpg.geometric.png",
			"scale_adjustment": 1.262808918952942,
			"mask_path": "teddybear/38_1655_5016/depth_masks/frame000010.png"
		},
		"mask": {
			"path": "teddybear/38_1655_5016/masks/frame000010.png",
			"mass": 43234.0
		},
		"viewpoint": {
			"R": [
				[
					-0.934395432472229,
					-0.30497100949287415,
					-0.18411359190940857
				],
				[
					0.30778267979621887,
					-0.9513562321662903,
					0.013824817724525928
				],
				[
					-0.17937377095222473,
					-0.0437491275370121,
					0.9828077554702759
				]
			],
			"T": [
				0.06833551824092865,
				1.2495899200439453,
				6.19167947769165
			],
			"focal_length": [
				2.142790132910428,
				1.6026284535725912
			],
			"principal_point": [
				0.0,
				0.0
			]
		}
	},
	"10": {
		"frame_number": 10,
		"frame_timestamp": -1.0,
		"image": {
			"path": "teddybear/38_1655_5016/images/frame000011.jpg",
			"size": [
				481,
				359
			]
		},
		"depth": {
			"path": "teddybear/38_1655_5016/depths/frame000011.jpg.geometric.png",
			"scale_adjustment": 1.262808918952942,
			"mask_path": "teddybear/38_1655_5016/depth_masks/frame000011.png"
		},
		"mask": {
			"path": "teddybear/38_1655_5016/masks/frame000011.png",
			"mass": 42347.0
		},
		"viewpoint": {
			"R": [
				[
					-0.9129504561424255,
					-0.3429599702358246,
					-0.22113338112831116
				],
				[
					0.34362199902534485,
					-0.9383898377418518,
					0.03672125190496445
				],
				[
					-0.22010323405265808,
					-0.042461615055799484,
					0.9745519757270813
				]
			],
			"T": [
				-0.014730667695403099,
				1.2745057344436646,
				6.12843656539917
			],
			"focal_length": [
				2.162022837689328,
				1.6136511408117853
			],
			"principal_point": [
				0.0,
				0.0
			]
		}
	},
	"11": {
		"frame_number": 11,
		"frame_timestamp": -1.0,
		"image": {
			"path": "teddybear/38_1655_5016/images/frame000012.jpg",
			"size": [
				478,
				358
			]
		},
		"depth": {
			"path": "teddybear/38_1655_5016/depths/frame000012.jpg.geometric.png",
			"scale_adjustment": 1.262808918952942,
			"mask_path": "teddybear/38_1655_5016/depth_masks/frame000012.png"
		},
		"mask": {
			"path": "teddybear/38_1655_5016/masks/frame000012.png",
			"mass": 44467.0
		},
		"viewpoint": {
			"R": [
				[
					-0.9037132859230042,
					-0.36205241084098816,
					-0.22851765155792236
				],
				[
					0.35804086923599243,
					-0.9317570328712463,
					0.06029556319117546
				],
				[
					-0.2347530871629715,
					-0.02732875756919384,
					0.9716708064079285
				]
			],
			"T": [
				0.01887117512524128,
				1.4112017154693604,
				5.948929786682129
			],
			"focal_length": [
				2.1776315699742494,
				1.630945820189919
			],
			"principal_point": [
				0.0,
				0.0
			]
		}
	},
	"12": {
		"frame_number": 12,
		"frame_timestamp": -1.0,
		"image": {
			"path": "teddybear/38_1655_5016/images/frame000013.jpg",
			"size": [
				478,
				358
			]
		},
		"depth": {
			"path": "teddybear/38_1655_5016/depths/frame000013.jpg.geometric.png",
			"scale_adjustment": 1.262808918952942,
			"mask_path": "teddybear/38_1655_5016/depth_masks/frame000013.png"
		},
		"mask": {
			"path": "teddybear/38_1655_5016/masks/frame000013.png",
			"mass": 40593.0
		},
		"viewpoint": {
			"R": [
				[
					-0.8887019157409668,
					-0.3799855411052704,
					-0.25655385851860046
				],
				[
					0.3729732036590576,
					-0.9246028065681458,
					0.07746393233537674
				],
				[
					-0.2666455805301666,
					-0.02684537135064602,
					0.9634206891059875
				]
			],
			"T": [
				0.05166526511311531,
				1.4140589237213135,
				5.849796772003174
			],
			"focal_length": [
				2.173316827699459,
				1.6277142768125654
			],
			"principal_point": [
				0.0,
				0.0
			]
		}
	},
	"13": {
		"frame_number": 13,
		"frame_timestamp": -1.0,
		"image": {
			"path": "teddybear/38_1655_5016/images/frame000014.jpg",
			"size": [
				479,
				359
			]
		},
		"depth": {
			"path": "teddybear/38_1655_5016/depths/frame000014.jpg.geometric.png",
			"scale_adjustment": 1.262808918952942,
			"mask_path": "teddybear/38_1655_5016/depth_masks/frame000014.png"
		},
		"mask": {
			"path": "teddybear/38_1655_5016/masks/frame000014.png",
			"mass": 52619.0
		},
		"viewpoint": {
			"R": [
				[
					-0.8620182871818542,
					-0.41298389434814453,
					-0.29388561844825745
				],
				[
					0.40217146277427673,
					-0.910156786441803,
					0.09936158359050751
				],
				[
					-0.3085167407989502,
					-0.032540906220674515,
					0.9506621360778809
				]
			],
			"T": [
				-0.0005304038058966398,
				1.371665358543396,
				5.767115116119385
			],
			"focal_length": [
				2.1578564657142234,
				1.6172661193975078
			],
			"principal_point": [
				0.0,
				0.0
			]
		}
	},
	"14": {
		"frame_number": 14,
		"frame_timestamp": -1.0,
		"image": {
			"path": "teddybear/38_1655_5016/images/frame000015.jpg",
			"size": [
				477,
				357
			]
		},
		"depth": {
			"path": "teddybear/38_1655_5016/depths/frame000015.jpg.geometric.png",
			"scale_adjustment": 1.262808918952942,
			"mask_path": "teddybear/38_1655_5016/depth_masks/frame000015.png"
		},
		"mask": {
			"path": "teddybear/38_1655_5016/masks/frame000015.png",
			"mass": 33789.0
		},
		"viewpoint": {
			"R": [
				[
					-0.7946047782897949,
					-0.4880485534667969,
					-0.3611258566379547
				],
				[
					0.479902982711792,
					-0.8692418932914734,
					0.11879245936870575
				],
				[
					-0.37188220024108887,
					-0.07891233265399933,
					0.9249197244644165
				]
			],
			"T": [
				-0.10297136008739471,
				1.2092996835708618,
				5.813871383666992
			],
			"focal_length": [
				2.18323967770702,
				1.6339969914914176
			],
			"principal_point": [
				0.0,
				0.0
			]
		}
	},
	"15": {
		"frame_number": 15,
		"frame_timestamp": -1.0,
		"image": {
			"path": "teddybear/38_1655_5016/images/frame000016.jpg",
			"size": [
				478,
				358
			]
		},
		"depth": {
			"path": "teddybear/38_1655_5016/depths/frame000016.jpg.geometric.png",
			"scale_adjustment": 1.262808918952942,
			"mask_path": "teddybear/38_1655_5016/depth_masks/frame000016.png"
		},
		"mask": {
			"path": "teddybear/38_1655_5016/masks/frame000016.png",
			"mass": 42816.0
		},
		"viewpoint": {
			"R": [
				[
					-0.7314903736114502,
					-0.5513697266578674,
					-0.4011399745941162
				],
				[
					0.5476093888282776,
					-0.8255777955055237,
					0.13618095219135284
				],
				[
					-0.40625831484794617,
					-0.12005296349525452,
					0.9058374166488647
				]
			],
			"T": [
				-0.0206909216940403,
				1.1102423667907715,
				5.860519886016846
			],
			"focal_length": [
				2.177763699153282,
				1.6310447788637552
			],
			"principal_point": [
				0.0,
				0.0
			]
		}
	},
	"16": {
		"frame_number": 16,
		"frame_timestamp": -1.0,
		"image": {
			"path": "teddybear/38_1655_5016/images/frame000017.jpg",
			"size": [
				475,
				356
			]
		},
		"depth": {
			"path": "teddybear/38_1655_5016/depths/frame000017.jpg.geometric.png",
			"scale_adjustment": 1.262808918952942,
			"mask_path": "teddybear/38_1655_5016/depth_masks/frame000017.png"
		},
		"mask": {
			"path": "teddybear/38_1655_5016/masks/frame000017.png",
			"mass": 38499.0
		},
		"viewpoint": {
			"R": [
				[
					-0.6707853078842163,
					-0.6059378981590271,
					-0.4276520907878876
				],
				[
					0.6042411923408508,
					-0.7808541059494019,
					0.15861722826957703
				],
				[
					-0.43004608154296875,
					-0.15200689435005188,
					0.8899181485176086
				]
			],
			"T": [
				0.17866483330726624,
				1.2142400741577148,
				5.975405216217041
			],
			"focal_length": [
				2.216240700711025,
				1.6610140830592106
			],
			"principal_point": [
				0.0,
				0.0
			]
		}
	},
	"17": {
		"frame_number": 17,
		"frame_timestamp": -1.0,
		"image": {
			"path": "teddybear/38_1655_5016/images/frame000018.jpg",
			"size": [
				476,
				356
			]
		},
		"depth": {
			"path": "teddybear/38_1655_5016/depths/frame000018.jpg.geometric.png",
			"scale_adjustment": 1.262808918952942,
			"mask_path": "teddybear/38_1655_5016/depth_masks/frame000018.png"
		},
		"mask": {
			"path": "teddybear/38_1655_5016/masks/frame000018.png",
			"mass": 33306.0
		},
		"viewpoint": {
			"R": [
				[
					-0.6442869901657104,
					-0.6288580298423767,
					-0.4352376461029053
				],
				[
					0.6231220960617065,
					-0.7616015076637268,
					0.17799420654773712
				],
				[
					-0.4434107542037964,
					-0.1565268486738205,
					0.8825453519821167
				]
			],
			"T": [
				0.2615697681903839,
				1.2029798030853271,
				5.8985466957092285
			],
			"focal_length": [
				2.181182861328125,
				1.6313048290605305
			],
			"principal_point": [
				0.0,
				0.0
			]
		}
	},
	"18": {
		"frame_number": 18,
		"frame_timestamp": -1.0,
		"image": {
			"path": "teddybear/38_1655_5016/images/frame000019.jpg",
			"size": [
				479,
				359
			]
		},
		"depth": {
			"path": "teddybear/38_1655_5016/depths/frame000019.jpg.geometric.png",
			"scale_adjustment": 1.262808918952942,
			"mask_path": "teddybear/38_1655_5016/depth_masks/frame000019.png"
		},
		"mask": {
			"path": "teddybear/38_1655_5016/masks/frame000019.png",
			"mass": 37750.0
		},
		"viewpoint": {
			"R": [
				[
					-0.6279961466789246,
					-0.6361650824546814,
					-0.44823527336120605
				],
				[
					0.6309232115745544,
					-0.7533895969390869,
					0.18531069159507751
				],
				[
					-0.45558398962020874,
					-0.1664276421070099,
					0.8744970560073853
				]
			],
			"T": [
				0.3338296413421631,
				1.1818162202835083,
				5.822124481201172
			],
			"focal_length": [
				2.171680163540216,
				1.6276266778933977
			],
			"principal_point": [
				0.0,
				0.0
			]
		}
	},
	"19": {
		"frame_number": 19,
		"frame_timestamp": -1.0,
		"image": {
			"path": "teddybear/38_1655_5016/images/frame000020.jpg",
			"size": [
				479,
				359
			]
		},
		"depth": {
			"path": "teddybear/38_1655_5016/depths/frame000020.jpg.geometric.png",
			"scale_adjustment": 1.262808918952942,
			"mask_path": "teddybear/38_1655_5016/depth_masks/frame000020.png"
		},
		"mask": {
			"path": "teddybear/38_1655_5016/masks/frame000020.png",
			"mass": 44010.0
		},
		"viewpoint": {
			"R": [
				[
					-0.6054339408874512,
					-0.651618242263794,
					-0.45699384808540344
				],
				[
					0.6354702115058899,
					-0.7414786219596863,
					0.21537654101848602
				],
				[
					-0.47919443249702454,
					-0.1600096970796585,
					0.8630003333091736
				]
			],
			"T": [
				0.2927630543708801,
				1.2299216985702515,
				5.694538116455078
			],
			"focal_length": [
				2.1366257521435412,
				1.601354164967706
			],
			"principal_point": [
				0.0,
				0.0
			]
		}
	},
	"20": {
		"frame_number": 20,
		"frame_timestamp": -1.0,
		"image": {
			"path": "teddybear/38_1655_5016/images/frame000021.jpg",
			"size": [
				483,
				360
			]
		},
		"depth": {
			"path": "teddybear/38_1655_5016/depths/frame000021.jpg.geometric.png",
			"scale_adjustment": 1.262808918952942,
			"mask_path": "teddybear/38_1655_5016/depth_masks/frame000021.png"
		},
		"mask": {
			"path": "teddybear/38_1655_5016/masks/frame000021.png",
			"mass": 35896.0
		},
		"viewpoint": {
			"R": [
				[
					-0.55925053358078,
					-0.677885115146637,
					-0.47719037532806396
				],
				[
					0.6510644555091858,
					-0.7154836058616638,
					0.2533738613128662
				],
				[
					-0.5131802558898926,
					-0.16898222267627716,
					0.8414814472198486
				]
			],
			"T": [
				0.22465990483760834,
				1.235090970993042,
				5.503544807434082
			],
			"focal_length": [
				2.0967919243706596,
				1.5628262790340322
			],
			"principal_point": [
				0.0,
				0.0
			]
		}
	},
	"21": {
		"frame_number": 21,
		"frame_timestamp": -1.0,
		"image": {
			"path": "teddybear/38_1655_5016/images/frame000022.jpg",
			"size": [
				480,
				359
			]
		},
		"depth": {
			"path": "teddybear/38_1655_5016/depths/frame000022.jpg.geometric.png",
			"scale_adjustment": 1.262808918952942,
			"mask_path": "teddybear/38_1655_5016/depth_masks/frame000022.png"
		},
		"mask": {
			"path": "teddybear/38_1655_5016/masks/frame000022.png",
			"mass": 34200.0
		},
		"viewpoint": {
			"R": [
				[
					-0.47501739859580994,
					-0.7105290293693542,
					-0.5191406607627869
				],
				[
					0.6869775056838989,
					-0.6681066751480103,
					0.2858240306377411
				],
				[
					-0.5499275922775269,
					-0.22086657583713531,
					0.8054797649383545
				]
			],
			"T": [
				0.11524757742881775,
				1.1609599590301514,
				5.60894250869751
			],
			"focal_length": [
				2.1346223028921485,
				1.5965195973714192
			],
			"principal_point": [
				0.0,
				0.0
			]
		}
	},
	"22": {
		"frame_number": 22,
		"frame_timestamp": -1.0,
		"image": {
			"path": "teddybear/38_1655_5016/images/frame000023.jpg",
			"size": [
				479,
				359
			]
		},
		"depth": {
			"path": "teddybear/38_1655_5016/depths/frame000023.jpg.geometric.png",
			"scale_adjustment": 1.262808918952942,
			"mask_path": "teddybear/38_1655_5016/depth_masks/frame000023.png"
		},
		"mask": {
			"path": "teddybear/38_1655_5016/masks/frame000023.png",
			"mass": 31348.0
		},
		"viewpoint": {
			"R": [
				[
					-0.3667018711566925,
					-0.7423996925354004,
					-0.5606892108917236
				],
				[
					0.731347382068634,
					-0.6025388240814209,
					0.3194964528083801
				],
				[
					-0.5750311017036438,
					-0.29289862513542175,
					0.7639042139053345
				]
			],
			"T": [
				0.15600812435150146,
				1.0454442501068115,
				5.793880462646484
			],
			"focal_length": [
				2.1620736719838094,
				1.6204268230525836
			],
			"principal_point": [
				0.0,
				0.0
			]
		}
	},
	"23": {
		"frame_number": 23,
		"frame_timestamp": -1.0,
		"image": {
			"path": "teddybear/38_1655_5016/images/frame000024.jpg",
			"size": [
				474,
				355
			]
		},
		"depth": {
			"path": "teddybear/38_1655_5016/depths/frame000024.jpg.geometric.png",
			"scale_adjustment": 1.262808918952942,
			"mask_path": "teddybear/38_1655_5016/depth_masks/frame000024.png"
		},
		"mask": {
			"path": "teddybear/38_1655_5016/masks/frame000024.png",
			"mass": 41079.0
		},
		"viewpoint": {
			"R": [
				[
					-0.29311883449554443,
					-0.7727556228637695,
					-0.562965452671051
				],
				[
					0.7602263689041138,
					-0.5454555153846741,
					0.35289400815963745
				],
				[
					-0.5797734260559082,
					-0.324541300535202,
					0.7473524808883667
				]
			],
			"T": [
				0.29046115279197693,
				1.2156020402908325,
				5.837501525878906
			],
			"focal_length": [
				2.2029283120598593,
				1.649872470002637
			],
			"principal_point": [
				0.0,
				0.0
			]
		}
	},
	"24": {
		"frame_number": 24,
		"frame_timestamp": -1.0,
		"image": {
			"path": "teddybear/38_1655_5016/images/frame000025.jpg",
			"size": [
				478,
				358
			]
		},
		"depth": {
			"path": "teddybear/38_1655_5016/depths/frame000025.jpg.geometric.png",
			"scale_adjustment": 1.262808918952942,
			"mask_path": "teddybear/38_1655_5016/depth_masks/frame000025.png"
		},
		"mask": {
			"path": "teddybear/38_1655_5016/masks/frame000025.png",
			"mass": 0.0
		},
		"viewpoint": {
			"R": [
				[
					-0.24038420617580414,
					-0.7934278845787048,
					-0.5591848492622375
				],
				[
					0.7754603028297424,
					-0.5034726858139038,
					0.3810204267501831
				],
				[
					-0.5838465094566345,
					-0.34203433990478516,
					0.736298680305481
				]
			],
			"T": [
				0.4318952262401581,
				1.281868577003479,
				5.759735107421875
			],
			"focal_length": [
				2.1510846867907647,
				1.6110634265085644
			],
			"principal_point": [
				0.0,
				0.0
			]
		}
	},
	"25": {
		"frame_number": 25,
		"frame_timestamp": -1.0,
		"image": {
			"path": "teddybear/38_1655_5016/images/frame000026.jpg",
			"size": [
				478,
				358
			]
		},
		"depth": {
			"path": "teddybear/38_1655_5016/depths/frame000026.jpg.geometric.png",
			"scale_adjustment": 1.262808918952942,
			"mask_path": "teddybear/38_1655_5016/depth_masks/frame000026.png"
		},
		"mask": {
			"path": "teddybear/38_1655_5016/masks/frame000026.png",
			"mass": 30973.0
		},
		"viewpoint": {
			"R": [
				[
					-0.2205694019794464,
					-0.7901132702827454,
					-0.571900486946106
				],
				[
					0.7707758545875549,
					-0.500505805015564,
					0.394206166267395
				],
				[
					-0.5977070331573486,
					-0.35385727882385254,
					0.7193964719772339
				]
			],
			"T": [
				0.47073397040367126,
				1.1839574575424194,
				5.745420932769775
			],
			"focal_length": [
				2.144779823345845,
				1.606341373970319
			],
			"principal_point": [
				0.0,
				0.0
			]
		}
	},
	"26": {
		"frame_number": 26,
		"frame_timestamp": -1.0,
		"image": {
			"path": "teddybear/38_1655_5016/images/frame000027.jpg",
			"size": [
				478,
				358
			]
		},
		"depth": {
			"path": "teddybear/38_1655_5016/depths/frame000027.jpg.geometric.png",
			"scale_adjustment": 1.262808918952942,
			"mask_path": "teddybear/38_1655_5016/depth_masks/frame000027.png"
		},
		"mask": {
			"path": "teddybear/38_1655_5016/masks/frame000027.png",
			"mass": 0.0
		},
		"viewpoint": {
			"R": [
				[
					-0.182843416929245,
					-0.8007227778434753,
					-0.5704483389854431
				],
				[
					0.7662613391876221,
					-0.4795953929424286,
					0.4275883734226227
				],
				[
					-0.6159641742706299,
					-0.3589307963848114,
					0.7012537717819214
				]
			],
			"T": [
				0.4002230763435364,
				1.284383773803711,
				5.678039073944092
			],
			"focal_length": [
				2.1446161536531076,
				1.6062187929033733
			],
			"principal_point": [
				0.0,
				0.0
			]
		}
	},
	"27": {
		"frame_number": 27,
		"frame_timestamp": -1.0,
		"image": {
			"path": "teddybear/38_1655_5016/images/frame000028.jpg",
			"size": [
				478,
				358
			]
		},
		"depth": {
			"path": "teddybear/38_1655_5016/depths/frame000028.jpg.geometric.png",
			"scale_adjustment": 1.262808918952942,
			"mask_path": "teddybear/38_1655_5016/depth_masks/frame000028.png"
		},
		"mask": {
			"path": "teddybear/38_1655_5016/masks/frame000028.png",
			"mass": 0.0
		},
		"viewpoint": {
			"R": [
				[
					-0.13215187191963196,
					-0.8068206906318665,
					-0.5758265852928162
				],
				[
					0.757949709892273,
					-0.4566194415092468,
					0.4658442735671997
				],
				[
					-0.6387864351272583,
					-0.3748854100704193,
					0.671872615814209
				]
			],
			"T": [
				0.29916948080062866,
				1.2879917621612549,
				5.6458740234375
			],
			"focal_length": [
				2.1504641058724685,
				1.6105986399630623
			],
			"principal_point": [
				0.0,
				0.0
			]
		}
	},
	"28": {
		"frame_number": 28,
		"frame_timestamp": -1.0,
		"image": {
			"path": "teddybear/38_1655_5016/images/frame000029.jpg",
			"size": [
				476,
				356
			]
		},
		"depth": {
			"path": "teddybear/38_1655_5016/depths/frame000029.jpg.geometric.png",
			"scale_adjustment": 1.262808918952942,
			"mask_path": "teddybear/38_1655_5016/depth_masks/frame000029.png"
		},
		"mask": {
			"path": "teddybear/38_1655_5016/masks/frame000029.png",
			"mass": 39903.0
		},
		"viewpoint": {
			"R": [
				[
					-0.02531355991959572,
					-0.8064737915992737,
					-0.5907277464866638
				],
				[
					0.766539990901947,
					-0.3949702978134155,
					0.5063742995262146
				],
				[
					-0.6416975259780884,
					-0.4399982988834381,
					0.6281924843788147
				]
			],
			"T": [
				0.26015594601631165,
				1.167724370956421,
				5.654275894165039
			],
			"focal_length": [
				2.1637403509590065,
				1.6182595902130383
			],
			"principal_point": [
				0.0,
				0.0
			]
		}
	},
	"29": {
		"frame_number": 29,
		"frame_timestamp": -1.0,
		"image": {
			"path": "teddybear/38_1655_5016/images/frame000030.jpg",
			"size": [
				477,
				357
			]
		},
		"depth": {
			"path": "teddybear/38_1655_5016/depths/frame000030.jpg.geometric.png",
			"scale_adjustment": 1.262808918952942,
			"mask_path": "teddybear/38_1655_5016/depth_masks/frame000030.png"
		},
		"mask": {
			"path": "teddybear/38_1655_5016/masks/frame000030.png",
			"mass": 39620.0
		},
		"viewpoint": {
			"R": [
				[
					0.07363219559192657,
					-0.803067147731781,
					-0.5913218259811401
				],
				[
					0.7752049565315247,
					-0.3269309997558594,
					0.5405306816101074
				],
				[
					-0.6274038553237915,
					-0.4981960654258728,
					0.5984689593315125
				]
			],
			"T": [
				0.32733839750289917,
				1.148553490638733,
				5.6815876960754395
			],
			"focal_length": [
				2.1553570402770483,
				1.6131288540438287
			],
			"principal_point": [
				0.0,
				0.0
			]
		}
	},
	"30": {
		"frame_number": 30,
		"frame_timestamp": -1.0,
		"image": {
			"path": "teddybear/38_1655_5016/images/frame000031.jpg",
			"size": [
				476,
				356
			]
		},
		"depth": {
			"path": "teddybear/38_1655_5016/depths/frame000031.jpg.geometric.png",
			"scale_adjustment": 1.262808918952942,
			"mask_path": "teddybear/38_1655_5016/depth_masks/frame000031.png"
		},
		"mask": {
			"path": "teddybear/38_1655_5016/masks/frame000031.png",
			"mass": 32845.0
		},
		"viewpoint": {
			"R": [
				[
					0.15909521281719208,
					-0.8008333444595337,
					-0.5773687362670898
				],
				[
					0.7743744850158691,
					-0.26153793931007385,
					0.5761440992355347
				],
				[
					-0.6123992800712585,
					-0.5387613773345947,
					0.5785354971885681
				]
			],
			"T": [
				0.49483436346054077,
				1.2493340969085693,
				5.658143997192383
			],
			"focal_length": [
				2.1489657284168713,
				1.607209662429425
			],
			"principal_point": [
				0.0,
				0.0
			]
		}
	},
	"31": {
		"frame_number": 31,
		"frame_timestamp": -1.0,
		"image": {
			"path": "teddybear/38_1655_5016/images/frame000032.jpg",
			"size": [
				473,
				355
			]
		},
		"depth": {
			"path": "teddybear/38_1655_5016/depths/frame000032.jpg.geometric.png",
			"scale_adjustment": 1.262808918952942,
			"mask_path": "teddybear/38_1655_5016/depth_masks/frame000032.png"
		},
		"mask": {
			"path": "teddybear/38_1655_5016/masks/frame000032.png",
			"mass": 0.0
		},
		"viewpoint": {
			"R": [
				[
					0.21507838368415833,
					-0.7931187748908997,
					-0.5698279738426208
				],
				[
					0.7661474943161011,
					-0.22479897737503052,
					0.6020659804344177
				],
				[
					-0.6056065559387207,
					-0.566063642501831,
					0.5592965483665466
				]
			],
			"T": [
				0.499656081199646,
				1.2976601123809814,
				5.681558132171631
			],
			"focal_length": [
				2.163461260728433,
				1.6237394240139402
			],
			"principal_point": [
				0.0,
				0.0
			]
		}
	},
	"32": {
		"frame_number": 32,
		"frame_timestamp": -1.0,
		"image": {
			"path": "teddybear/38_1655_5016/images/frame000033.jpg",
			"size": [
				475,
				356
			]
		},
		"depth": {
			"path": "teddybear/38_1655_5016/depths/frame000033.jpg.geometric.png",
			"scale_adjustment": 1.262808918952942,
			"mask_path": "teddybear/38_1655_5016/depth_masks/frame000033.png"
		},
		"mask": {
			"path": "teddybear/38_1655_5016/masks/frame000033.png",
			"mass": 0.0
		},
		"viewpoint": {
			"R": [
				[
					0.24051134288311005,
					-0.7875083684921265,
					-0.5674370527267456
				],
				[
					0.7571501731872559,
					-0.21358171105384827,
					0.617338240146637
				],
				[
					-0.6073532104492188,
					-0.5781118869781494,
					0.5448932647705078
				]
			],
			"T": [
				0.5279859900474548,
				1.2904260158538818,
				5.642548561096191
			],
			"focal_length": [
				2.1568193757132197,
				1.6164793636924342
			],
			"principal_point": [
				0.0,
				0.0
			]
		}
	},
	"33": {
		"frame_number": 33,
		"frame_timestamp": -1.0,
		"image": {
			"path": "teddybear/38_1655_5016/images/frame000034.jpg",
			"size": [
				475,
				356
			]
		},
		"depth": {
			"path": "teddybear/38_1655_5016/depths/frame000034.jpg.geometric.png",
			"scale_adjustment": 1.262808918952942,
			"mask_path": "teddybear/38_1655_5016/depth_masks/frame000034.png"
		},
		"mask": {
			"path": "teddybear/38_1655_5016/masks/frame000034.png",
			"mass": 34182.0
		},
		"viewpoint": {
			"R": [
				[
					0.2675764560699463,
					-0.7910637855529785,
					-0.5501099228858948
				],
				[
					0.740989625453949,
					-0.19600257277488708,
					0.6422750949859619
				],
				[
					-0.6159035563468933,
					-0.5794834494590759,
					0.5337244272232056
				]
			],
			"T": [
				0.4638456106185913,
				1.40389084815979,
				5.590972900390625
			],
			"focal_length": [
				2.1540117585257197,
				1.6143751284950658
			],
			"principal_point": [
				0.0,
				0.0
			]
		}
	},
	"34": {
		"frame_number": 34,
		"frame_timestamp": -1.0,
		"image": {
			"path": "teddybear/38_1655_5016/images/frame000035.jpg",
			"size": [
				473,
				355
			]
		},
		"depth": {
			"path": "teddybear/38_1655_5016/depths/frame000035.jpg.geometric.png",
			"scale_adjustment": 1.262808918952942,
			"mask_path": "teddybear/38_1655_5016/depth_masks/frame000035.png"
		},
		"mask": {
			"path": "teddybear/38_1655_5016/masks/frame000035.png",
			"mass": 0.0
		},
		"viewpoint": {
			"R": [
				[
					0.32913050055503845,
					-0.7706443071365356,
					-0.5456926226615906
				],
				[
					0.7100503444671631,
					-0.17898111045360565,
					0.681024432182312
				],
				[
					-0.6224962472915649,
					-0.6116151213645935,
					0.48828813433647156
				]
			],
			"T": [
				0.32891833782196045,
				1.2981294393539429,
				5.684042930603027
			],
			"focal_length": [
				2.1749083613006164,
				1.6323307997076506
			],
			"principal_point": [
				0.0,
				0.0
			]
		}
	},
	"35": {
		"frame_number": 35,
		"frame_timestamp": -1.0,
		"image": {
			"path": "teddybear/38_1655_5016/images/frame000036.jpg",
			"size": [
				474,
				355
			]
		},
		"depth": {
			"path": "teddybear/38_1655_5016/depths/frame000036.jpg.geometric.png",
			"scale_adjustment": 1.262808918952942,
			"mask_path": "teddybear/38_1655_5016/depth_masks/frame000036.png"
		},
		"mask": {
			"path": "teddybear/38_1655_5016/masks/frame000036.png",
			"mass": 34217.0
		},
		"viewpoint": {
			"R": [
				[
					0.4160884618759155,
					-0.7432529926300049,
					-0.52387535572052
				],
				[
					0.6886385083198547,
					-0.11867775022983551,
					0.7153269052505493
				],
				[
					-0.5938411951065063,
					-0.6584000587463379,
					0.4624522030353546
				]
			],
			"T": [
				0.23213720321655273,
				1.3280017375946045,
				5.590954303741455
			],
			"focal_length": [
				2.1615198269696303,
				1.6188597860215586
			],
			"principal_point": [
				0.0,
				0.0
			]
		}
	},
	"36": {
		"frame_number": 36,
		"frame_timestamp": -1.0,
		"image": {
			"path": "teddybear/38_1655_5016/images/frame000037.jpg",
			"size": [
				475,
				356
			]
		},
		"depth": {
			"path": "teddybear/38_1655_5016/depths/frame000037.jpg.geometric.png",
			"scale_adjustment": 1.262808918952942,
			"mask_path": "teddybear/38_1655_5016/depth_masks/frame000037.png"
		},
		"mask": {
			"path": "teddybear/38_1655_5016/masks/frame000037.png",
			"mass": 33753.0
		},
		"viewpoint": {
			"R": [
				[
					0.5433048605918884,
					-0.6852808594703674,
					-0.48498451709747314
				],
				[
					0.6377072334289551,
					-0.03885738551616669,
					0.7692980766296387
				],
				[
					-0.5460305213928223,
					-0.7272415161132812,
					0.4158971607685089
				]
			],
			"T": [
				0.12854091823101044,
				1.4189987182617188,
				5.6667962074279785
			],
			"focal_length": [
				2.165236569522472,
				1.6227878289473685
			],
			"principal_point": [
				0.0,
				0.0
			]
		}
	},
	"37": {
		"frame_number": 37,
		"frame_timestamp": -1.0,
		"image": {
			"path": "teddybear/38_1655_5016/images/frame000038.jpg",
			"size": [
				474,
				355
			]
		},
		"depth": {
			"path": "teddybear/38_1655_5016/depths/frame000038.jpg.geometric.png",
			"scale_adjustment": 1.262808918952942,
			"mask_path": "teddybear/38_1655_5016/depth_masks/frame000038.png"
		},
		"mask": {
			"path": "teddybear/38_1655_5016/masks/frame000038.png",
			"mass": 0.0
		},
		"viewpoint": {
			"R": [
				[
					0.615787148475647,
					-0.6421019434928894,
					-0.45663031935691833
				],
				[
					0.6069918274879456,
					0.017090564593672752,
					0.7945242524147034
				],
				[
					-0.502361536026001,
					-0.7664287090301514,
					0.4002748131752014
				]
			],
			"T": [
				0.1258254051208496,
				1.5547471046447754,
				5.703514575958252
			],
			"focal_length": [
				2.178404042418574,
				1.6315051372544171
			],
			"principal_point": [
				0.0,
				0.0
			]
		}
	},
	"38": {
		"frame_number": 38,
		"frame_timestamp": -1.0,
		"image": {
			"path": "teddybear/38_1655_5016/images/frame000039.jpg",
			"size": [
				473,
				354
			]
		},
		"depth": {
			"path": "teddybear/38_1655_5016/depths/frame000039.jpg.geometric.png",
			"scale_adjustment": 1.262808918952942,
			"mask_path": "teddybear/38_1655_5016/depth_masks/frame000039.png"
		},
		"mask": {
			"path": "teddybear/38_1655_5016/masks/frame000039.png",
			"mass": 33364.0
		},
		"viewpoint": {
			"R": [
				[
					0.6638823747634888,
					-0.6061922311782837,
					-0.43793970346450806
				],
				[
					0.5782573819160461,
					0.04476819932460785,
					0.8146252036094666
				],
				[
					-0.47421368956565857,
					-0.7940571904182434,
					0.38025590777397156
				]
			],
			"T": [
				0.14954087138175964,
				1.4857308864593506,
				5.835422515869141
			],
			"focal_length": [
				2.1704887778072033,
				1.624425004955074
			],
			"principal_point": [
				0.0,
				0.0
			]
		}
	},
	"39": {
		"frame_number": 39,
		"frame_timestamp": -1.0,
		"image": {
			"path": "teddybear/38_1655_5016/images/frame000040.jpg",
			"size": [
				475,
				356
			]
		},
		"depth": {
			"path": "teddybear/38_1655_5016/depths/frame000040.jpg.geometric.png",
			"scale_adjustment": 1.262808918952942,
			"mask_path": "teddybear/38_1655_5016/depth_masks/frame000040.png"
		},
		"mask": {
			"path": "teddybear/38_1655_5016/masks/frame000040.png",
			"mass": 35850.0
		},
		"viewpoint": {
			"R": [
				[
					0.6779047846794128,
					-0.5862476229667664,
					-0.44357502460479736
				],
				[
					0.5684215426445007,
					0.035355377942323685,
					0.821977436542511
				],
				[
					-0.4661995768547058,
					-0.8093600869178772,
					0.3572033643722534
				]
			],
			"T": [
				0.19417668879032135,
				1.3748897314071655,
				5.952760696411133
			],
			"focal_length": [
				2.1853275941998773,
				1.6378455232319078
			],
			"principal_point": [
				0.0,
				0.0
			]
		}
	},
	"40": {
		"frame_number": 40,
		"frame_timestamp": -1.0,
		"image": {
			"path": "teddybear/38_1655_5016/images/frame000041.jpg",
			"size": [
				475,
				356
			]
		},
		"depth": {
			"path": "teddybear/38_1655_5016/depths/frame000041.jpg.geometric.png",
			"scale_adjustment": 1.262808918952942,
			"mask_path": "teddybear/38_1655_5016/depth_masks/frame000041.png"
		},
		"mask": {
			"path": "teddybear/38_1655_5016/masks/frame000041.png",
			"mass": 33363.0
		},
		"viewpoint": {
			"R": [
				[
					0.6959519386291504,
					-0.5871602296829224,
					-0.4133930206298828
				],
				[
					0.5469971299171448,
					0.06049983575940132,
					0.8349454402923584
